% Matlab M-file converted by [Custom WaveView] saved 19:26:30 Tue Apr 21 2020
TIME = [ 0.000E+00  1.000E-12  2.000E-12  5.200E-12  1.000E-11  1.002E-11  1.005E-11  1.010E-11  1.012E-11  1.013E-11  1.015E-11  1.018E-11  1.024E-11  1.032E-11  1.056E-11  1.100E-11  1.176E-11  1.271E-11  1.393E-11  1.530E-11  1.724E-11  1.958E-11  2.280E-11  2.625E-11  3.133E-11  3.605E-11  3.828E-11  4.052E-11  4.362E-11  4.625E-11  4.888E-11  5.100E-11  5.629E-11  5.891E-11  6.475E-11  7.033E-11  8.016E-11  8.849E-11  9.950E-11  1.101E-10  1.102E-10  1.102E-10  1.102E-10  1.102E-10  1.102E-10  1.103E-10  1.103E-10  1.104E-10  1.106E-10  1.111E-10  1.117E-10  1.125E-10  1.136E-10  1.152E-10  1.177E-10  1.202E-10  1.260E-10  1.276E-10  1.293E-10  1.325E-10  1.345E-10  1.365E-10  1.383E-10  1.425E-10  1.445E-10  1.492E-10  1.547E-10  1.617E-10  1.690E-10  1.782E-10  1.897E-10  2.048E-10  2.100E-10  2.101E-10  2.101E-10  2.101E-10  2.101E-10  2.101E-10  2.101E-10  2.102E-10  2.102E-10  2.102E-10  2.102E-10  2.102E-10  2.103E-10  2.104E-10  2.104E-10  2.107E-10  2.112E-10  2.118E-10  2.127E-10  2.140E-10  2.156E-10  2.174E-10  2.198E-10  2.230E-10  2.274E-10  2.335E-10  2.413E-10  2.501E-10  2.607E-10  2.730E-10  2.898E-10  3.101E-10  3.102E-10  3.102E-10  3.102E-10  3.102E-10  3.102E-10  3.103E-10  3.103E-10  3.104E-10  3.106E-10  3.111E-10  3.122E-10  3.135E-10  3.151E-10  3.171E-10  3.211E-10  3.253E-10  3.306E-10  3.366E-10  3.452E-10  3.566E-10  3.793E-10  4.100E-10  4.101E-10  4.101E-10  4.101E-10  4.101E-10  4.101E-10  4.102E-10  4.102E-10  4.102E-10  4.102E-10  4.103E-10  4.103E-10  4.104E-10  4.105E-10  4.108E-10  4.113E-10  4.123E-10  4.135E-10  4.146E-10  4.159E-10  4.178E-10  4.213E-10  4.249E-10  4.292E-10  4.345E-10  4.417E-10  4.514E-10  4.649E-10  4.821E-10  5.038E-10  5.101E-10  5.102E-10  5.102E-10  5.102E-10  5.102E-10  5.102E-10  5.102E-10  5.103E-10  5.103E-10  5.103E-10  5.105E-10  5.107E-10  5.111E-10  5.121E-10  5.135E-10  5.150E-10  5.171E-10  5.206E-10  5.250E-10  5.299E-10  5.361E-10  5.441E-10  5.555E-10  5.741E-10  5.989E-10  6.100E-10  6.100E-10  6.101E-10  6.101E-10  6.101E-10  6.101E-10  6.102E-10  6.102E-10  6.102E-10  6.102E-10  6.103E-10  6.103E-10  6.104E-10  6.105E-10  6.107E-10  6.112E-10  6.123E-10  6.146E-10  6.175E-10  6.213E-10  6.262E-10  6.325E-10  6.432E-10  6.563E-10  6.746E-10  6.971E-10  7.101E-10  7.102E-10  7.102E-10  7.102E-10  7.102E-10  7.102E-10  7.103E-10  7.103E-10  7.104E-10  7.106E-10  7.111E-10  7.122E-10  7.135E-10  7.150E-10  7.172E-10  7.207E-10  7.246E-10  7.296E-10  7.359E-10  7.450E-10  7.645E-10  7.934E-10  8.100E-10  8.101E-10  8.101E-10  8.101E-10  8.101E-10  8.101E-10  8.102E-10  8.102E-10  8.102E-10  8.102E-10  8.103E-10  8.103E-10  8.104E-10  8.105E-10  8.107E-10  8.112E-10  8.123E-10  8.132E-10  8.143E-10  8.156E-10  8.179E-10  8.212E-10  8.243E-10  8.278E-10  8.320E-10  8.382E-10  8.445E-10  8.529E-10  8.637E-10  8.790E-10  9.030E-10  9.101E-10  9.102E-10  9.102E-10  9.102E-10  9.102E-10  9.102E-10  9.103E-10  9.103E-10  9.105E-10  9.107E-10  9.111E-10  9.120E-10  9.133E-10  9.148E-10  9.167E-10  9.200E-10  9.242E-10  9.291E-10  9.350E-10  9.427E-10  9.528E-10  9.704E-10  9.925E-10  1.010E-09  1.010E-09  1.010E-09  1.010E-09  1.010E-09  1.010E-09  1.010E-09  1.010E-09  1.010E-09  1.010E-09  1.010E-09  1.010E-09  1.010E-09  1.010E-09  1.011E-09  1.011E-09  1.012E-09  1.014E-09  1.016E-09  1.018E-09  1.021E-09  1.027E-09  1.034E-09  1.044E-09  1.058E-09  1.076E-09  1.102E-09  1.110E-09  1.110E-09  1.110E-09  1.110E-09  1.110E-09  1.110E-09  1.110E-09  1.110E-09  1.110E-09  1.111E-09  1.111E-09  1.112E-09  1.113E-09  1.115E-09  1.117E-09  1.121E-09  1.125E-09  1.130E-09  1.136E-09  1.145E-09  1.165E-09  1.194E-09  1.210E-09  1.210E-09  1.210E-09  1.210E-09  1.210E-09  1.210E-09  1.210E-09  1.210E-09  1.210E-09  1.210E-09  1.210E-09  1.210E-09  1.210E-09  1.210E-09  1.211E-09  1.211E-09  1.212E-09  1.214E-09  1.216E-09  1.218E-09  1.222E-09  1.226E-09  1.231E-09  1.238E-09  1.248E-09  1.260E-09  1.280E-09  1.304E-09  1.310E-09  1.310E-09  1.310E-09  1.310E-09  1.310E-09  1.310E-09  1.310E-09  1.310E-09  1.310E-09  1.310E-09  1.311E-09  1.311E-09  1.312E-09  1.313E-09  1.314E-09  1.316E-09  1.319E-09  1.323E-09  1.328E-09  1.333E-09  1.342E-09  1.354E-09  1.380E-09  1.410E-09  1.410E-09  1.410E-09  1.410E-09  1.410E-09  1.410E-09  1.410E-09  1.410E-09  1.410E-09  1.410E-09  1.410E-09  1.410E-09  1.410E-09  1.410E-09  1.411E-09  1.411E-09  1.412E-09  1.415E-09  1.418E-09  1.421E-09  1.426E-09  1.433E-09  1.446E-09  1.460E-09  1.480E-09  1.505E-09  1.510E-09  1.510E-09  1.510E-09  1.510E-09  1.510E-09  1.510E-09  1.510E-09  1.510E-09  1.510E-09  1.510E-09  1.511E-09  1.511E-09  1.512E-09  1.513E-09  1.515E-09  1.517E-09  1.520E-09  1.524E-09  1.529E-09  1.535E-09  1.545E-09  1.569E-09  1.600E-09 ];
