% Matlab M-file converted by [Custom WaveView] saved 21:08:53 Tue Apr 21 2020
TIME = [ 0.000E+00  1.000E-12  1.250E-12  1.313E-12  1.516E-12  2.000E-12  2.053E-12  2.094E-12  2.227E-12  2.489E-12  3.200E-12  4.284E-12  5.583E-12  6.990E-12  8.728E-12  9.803E-12  1.088E-11  1.275E-11  1.479E-11  1.649E-11  1.857E-11  2.077E-11  2.315E-11  2.624E-11  3.000E-11  3.502E-11  4.214E-11  5.086E-11  6.176E-11  7.528E-11  9.800E-11  1.020E-10  1.025E-10  1.026E-10  1.030E-10  1.031E-10  1.031E-10  1.032E-10  1.036E-10  1.045E-10  1.055E-10  1.068E-10  1.084E-10  1.107E-10  1.144E-10  1.199E-10  1.267E-10  1.351E-10  1.419E-10  1.472E-10  1.527E-10  1.558E-10  1.589E-10  1.615E-10  1.677E-10  1.705E-10  1.759E-10  1.835E-10  1.947E-10  2.010E-10  2.015E-10  2.016E-10  2.020E-10  2.021E-10  2.021E-10  2.022E-10  2.026E-10  2.030E-10  2.031E-10  2.031E-10  2.033E-10  2.037E-10  2.050E-10  2.077E-10  2.092E-10  2.108E-10  2.132E-10  2.165E-10  2.185E-10  2.207E-10  2.240E-10  2.264E-10  2.305E-10  2.351E-10  2.416E-10  2.487E-10  2.588E-10  2.724E-10  2.988E-10  3.020E-10  3.021E-10  3.023E-10  3.026E-10  3.030E-10  3.031E-10  3.031E-10  3.032E-10  3.036E-10  3.047E-10  3.059E-10  3.073E-10  3.089E-10  3.114E-10  3.146E-10  3.207E-10  3.249E-10  3.272E-10  3.296E-10  3.331E-10  3.351E-10  3.372E-10  3.393E-10  3.440E-10  3.463E-10  3.518E-10  3.596E-10  3.674E-10  3.761E-10  3.856E-10  3.975E-10  4.010E-10  4.011E-10  4.012E-10  4.016E-10  4.020E-10  4.021E-10  4.021E-10  4.022E-10  4.026E-10  4.030E-10  4.031E-10  4.031E-10  4.032E-10  4.036E-10  4.047E-10  4.059E-10  4.074E-10  4.091E-10  4.113E-10  4.135E-10  4.166E-10  4.186E-10  4.231E-10  4.255E-10  4.273E-10  4.291E-10  4.319E-10  4.347E-10  4.373E-10  4.398E-10  4.432E-10  4.460E-10  4.506E-10  4.560E-10  4.630E-10  4.704E-10  4.793E-10  4.904E-10  5.020E-10  5.025E-10  5.027E-10  5.030E-10  5.031E-10  5.031E-10  5.032E-10  5.036E-10  5.045E-10  5.056E-10  5.072E-10  5.097E-10  5.131E-10  5.167E-10  5.219E-10  5.280E-10  5.363E-10  5.475E-10  5.627E-10  5.866E-10  6.010E-10  6.015E-10  6.017E-10  6.020E-10  6.021E-10  6.021E-10  6.022E-10  6.025E-10  6.030E-10  6.031E-10  6.031E-10  6.033E-10  6.037E-10  6.046E-10  6.058E-10  6.072E-10  6.088E-10  6.119E-10  6.160E-10  6.195E-10  6.238E-10  6.289E-10  6.361E-10  6.399E-10  6.436E-10  6.480E-10  6.550E-10  6.582E-10  6.619E-10  6.657E-10  6.697E-10  6.796E-10  6.884E-10  7.020E-10  7.025E-10  7.027E-10  7.030E-10  7.031E-10  7.031E-10  7.032E-10  7.036E-10  7.046E-10  7.060E-10  7.076E-10  7.097E-10  7.139E-10  7.214E-10  7.322E-10  7.424E-10  7.541E-10  7.668E-10  7.819E-10  8.000E-10 ];
Vout = [ 2.144E-05  2.144E-05  5.066E-02  6.308E-02  9.813E-02  1.483E-01  1.372E-01  1.288E-01  1.037E-01  6.124E-02 -2.081E-02 -8.558E-02 -1.079E-01 -1.138E-01 -4.644E-02  7.284E-02  2.515E-01  6.077E-01  9.290E-01  1.063E+00  1.134E+00  1.167E+00  1.183E+00  1.191E+00  1.195E+00  1.198E+00  1.199E+00  1.200E+00  1.200E+00  1.200E+00  1.200E+00  1.200E+00  1.151E+00  1.140E+00  1.120E+00  1.126E+00  1.130E+00  1.140E+00  1.164E+00  1.193E+00  1.212E+00  1.222E+00  1.226E+00  1.227E+00  1.227E+00  1.227E+00  1.213E+00  1.134E+00  9.223E-01  6.118E-01  1.796E-01  5.416E-02  1.346E-02  2.512E-02  9.514E-03  8.106E-03  4.751E-03  3.033E-03  1.530E-03  1.123E-03  4.134E-02  5.318E-02  6.447E-02  5.386E-02  4.777E-02  3.000E-02 -1.210E-02 -5.136E-02 -5.197E-02 -5.229E-02 -5.318E-02 -5.565E-02 -6.053E-02 -3.412E-02  4.248E-02  1.640E-01  4.900E-01  9.333E-01  1.073E+00  1.135E+00  1.175E+00  1.186E+00  1.195E+00  1.198E+00  1.200E+00  1.200E+00  1.200E+00  1.200E+00  1.200E+00  1.200E+00  1.179E+00  1.165E+00  1.123E+00  1.088E+00  1.095E+00  1.098E+00  1.109E+00  1.138E+00  1.188E+00  1.227E+00  1.246E+00  1.253E+00  1.257E+00  1.258E+00  1.185E+00  1.021E+00  8.473E-01  6.131E-01  2.048E-01  7.187E-02  1.646E-02  2.067E-02  9.177E-03  7.365E-03  4.168E-03  2.168E-03  1.085E-03  5.354E-04  2.343E-04  9.989E-05  7.758E-05  1.971E-02  3.562E-02  7.570E-02  9.710E-02  7.984E-02  7.094E-02  4.420E-02 -1.500E-02 -7.761E-02 -7.641E-02 -7.568E-02 -7.297E-02 -6.371E-02 -3.450E-02 -1.025E-02  1.245E-03  4.065E-03  4.387E-03  5.207E-04 -1.603E-02 -2.491E-02  4.245E-03  7.211E-02  1.815E-01  3.416E-01  6.616E-01  9.507E-01  1.089E+00  1.141E+00  1.171E+00  1.181E+00  1.190E+00  1.195E+00  1.198E+00  1.199E+00  1.200E+00  1.200E+00  1.200E+00  1.150E+00  1.133E+00  1.119E+00  1.125E+00  1.128E+00  1.136E+00  1.156E+00  1.186E+00  1.206E+00  1.217E+00  1.214E+00  1.207E+00  1.203E+00  1.201E+00  1.200E+00  1.200E+00  1.200E+00  1.200E+00  1.200E+00  1.200E+00  1.240E+00  1.263E+00  1.289E+00  1.276E+00  1.269E+00  1.249E+00  1.203E+00  1.180E+00  1.182E+00  1.184E+00  1.188E+00  1.197E+00  1.203E+00  1.202E+00  1.203E+00  1.207E+00  1.216E+00  1.223E+00  1.226E+00  1.221E+00  1.196E+00  1.103E+00  9.753E-01  7.944E-01  4.839E-01  7.760E-02  3.023E-02  2.083E-02  1.222E-02  8.052E-03  3.367E-03  2.262E-03  9.072E-04 -3.593E-02 -5.397E-02 -7.393E-02 -6.541E-02 -6.216E-02 -5.265E-02 -2.930E-02  1.819E-03  7.305E-03  7.278E-03  6.085E-03  4.373E-03  2.634E-03  1.361E-03  7.357E-04  3.717E-04  1.783E-04  8.210E-05  4.208E-05 ];
A = [ 0.000E+00  0.000E+00  3.000E-01  3.759E-01  6.188E-01  1.200E+00  1.200E+00  1.200E+00  1.200E+00  1.200E+00  1.200E+00  1.200E+00  1.200E+00  1.200E+00  1.200E+00  1.200E+00  1.200E+00  1.200E+00  1.200E+00  1.200E+00  1.200E+00  1.200E+00  1.200E+00  1.200E+00  1.200E+00  1.200E+00  1.200E+00  1.200E+00  1.200E+00  1.200E+00  1.200E+00  1.200E+00  1.200E+00  1.200E+00  1.200E+00  1.200E+00  1.200E+00  1.200E+00  1.200E+00  1.200E+00  1.200E+00  1.200E+00  1.200E+00  1.200E+00  1.200E+00  1.200E+00  1.200E+00  1.200E+00  1.200E+00  1.200E+00  1.200E+00  1.200E+00  1.200E+00  1.200E+00  1.200E+00  1.200E+00  1.200E+00  1.200E+00  1.200E+00  1.200E+00  1.200E+00  1.200E+00  1.200E+00  1.127E+00  1.084E+00  9.441E-01  5.357E-01  0.000E+00  0.000E+00  0.000E+00  0.000E+00  0.000E+00  0.000E+00  0.000E+00  0.000E+00  0.000E+00  0.000E+00  0.000E+00  0.000E+00  0.000E+00  0.000E+00  0.000E+00  0.000E+00  0.000E+00  0.000E+00  0.000E+00  0.000E+00  0.000E+00  0.000E+00  0.000E+00  0.000E+00  0.000E+00  0.000E+00  0.000E+00  0.000E+00  0.000E+00  0.000E+00  0.000E+00  0.000E+00  0.000E+00  0.000E+00  0.000E+00  0.000E+00  0.000E+00  0.000E+00  0.000E+00  0.000E+00  0.000E+00  0.000E+00  0.000E+00  0.000E+00  0.000E+00  0.000E+00  0.000E+00  0.000E+00  0.000E+00  0.000E+00  0.000E+00  0.000E+00  0.000E+00  0.000E+00  1.500E-01  2.796E-01  6.943E-01  1.200E+00  1.200E+00  1.200E+00  1.200E+00  1.200E+00  1.200E+00  1.200E+00  1.200E+00  1.200E+00  1.200E+00  1.200E+00  1.200E+00  1.200E+00  1.200E+00  1.200E+00  1.200E+00  1.200E+00  1.200E+00  1.200E+00  1.200E+00  1.200E+00  1.200E+00  1.200E+00  1.200E+00  1.200E+00  1.200E+00  1.200E+00  1.200E+00  1.200E+00  1.200E+00  1.200E+00  1.200E+00  1.200E+00  1.200E+00  1.200E+00  1.200E+00  1.200E+00  1.200E+00  1.200E+00  1.200E+00  1.200E+00  1.200E+00  1.200E+00  1.200E+00  1.200E+00  1.200E+00  1.200E+00  1.200E+00  1.200E+00  1.200E+00  1.200E+00  1.200E+00  1.200E+00  1.200E+00  1.200E+00  1.200E+00  1.200E+00  1.200E+00  1.125E+00  1.085E+00  9.574E-01  5.725E-01  0.000E+00  0.000E+00  0.000E+00  0.000E+00  0.000E+00  0.000E+00  0.000E+00  0.000E+00  0.000E+00  0.000E+00  0.000E+00  0.000E+00  0.000E+00  0.000E+00  0.000E+00  0.000E+00  0.000E+00  0.000E+00  0.000E+00  0.000E+00  0.000E+00  0.000E+00  0.000E+00  0.000E+00  0.000E+00  0.000E+00  0.000E+00  0.000E+00  0.000E+00  0.000E+00  0.000E+00  0.000E+00  0.000E+00  0.000E+00  0.000E+00  0.000E+00  0.000E+00  0.000E+00  0.000E+00  0.000E+00  0.000E+00  0.000E+00  0.000E+00  0.000E+00  0.000E+00 ];
