% Matlab M-file converted by [Custom WaveView] saved 21:25:39 Tue Apr 21 2020
TIME = [ 0.000E+00  1.000E-12  1.250E-12  1.313E-12  1.516E-12  1.934E-12  2.000E-12  2.027E-12  2.044E-12  2.098E-12  2.231E-12  2.429E-12  2.996E-12  3.725E-12  4.746E-12  5.906E-12  7.174E-12  8.842E-12  1.073E-11  1.323E-11  1.503E-11  1.756E-11  1.949E-11  2.262E-11  2.542E-11  2.952E-11  3.408E-11  4.066E-11  4.904E-11  6.034E-11  7.457E-11  9.161E-11  1.020E-10  1.025E-10  1.027E-10  1.030E-10  1.031E-10  1.031E-10  1.032E-10  1.034E-10  1.039E-10  1.049E-10  1.060E-10  1.073E-10  1.087E-10  1.112E-10  1.133E-10  1.159E-10  1.188E-10  1.217E-10  1.250E-10  1.286E-10  1.334E-10  1.390E-10  1.458E-10  1.535E-10  1.629E-10  1.744E-10  1.900E-10  2.010E-10  2.015E-10  2.017E-10  2.020E-10  2.021E-10  2.021E-10  2.022E-10  2.025E-10  2.030E-10  2.031E-10  2.031E-10  2.032E-10  2.035E-10  2.039E-10  2.050E-10  2.066E-10  2.082E-10  2.100E-10  2.122E-10  2.142E-10  2.165E-10  2.180E-10  2.207E-10  2.226E-10  2.264E-10  2.299E-10  2.349E-10  2.401E-10  2.480E-10  2.583E-10  2.775E-10  2.975E-10  3.020E-10  3.025E-10  3.026E-10  3.030E-10  3.031E-10  3.031E-10  3.032E-10  3.035E-10  3.040E-10  3.050E-10  3.060E-10  3.077E-10  3.099E-10  3.127E-10  3.160E-10  3.194E-10  3.233E-10  3.264E-10  3.302E-10  3.338E-10  3.378E-10  3.423E-10  3.474E-10  3.538E-10  3.623E-10  3.745E-10  3.897E-10  4.000E-10 ];
Vout = [ 7.438E-05  7.438E-05  1.830E-01  2.276E-01  3.610E-01  6.072E-01  6.442E-01  6.363E-01  6.311E-01  6.153E-01  5.777E-01  5.245E-01  3.793E-01  2.171E-01  6.168E-02 -3.530E-02 -7.686E-02 -8.971E-02 -7.660E-02 -1.471E-02  3.236E-02  5.828E-02  5.784E-02  4.607E-02  3.372E-02  2.054E-02  1.222E-02  6.681E-03  3.961E-03  2.597E-03  1.653E-03  1.230E-03  1.009E-03 -1.887E-01 -2.603E-01 -3.597E-01 -3.498E-01 -3.442E-01 -3.266E-01 -2.924E-01 -2.395E-01 -1.425E-01 -7.661E-02  7.791E-03  1.167E-01  3.179E-01  4.948E-01  6.755E-01  8.306E-01  9.380E-01  1.023E+00  1.085E+00  1.136E+00  1.168E+00  1.187E+00  1.195E+00  1.198E+00  1.199E+00  1.199E+00  1.200E+00  1.341E+00  1.394E+00  1.464E+00  1.413E+00  1.391E+00  1.320E+00  1.123E+00  8.182E-01  8.163E-01  8.153E-01  8.128E-01  8.101E-01  8.110E-01  8.312E-01  8.753E-01  9.272E-01  9.820E-01  1.030E+00  1.062E+00  1.103E+00  1.126E+00  1.153E+00  1.165E+00  1.180E+00  1.188E+00  1.193E+00  1.196E+00  1.198E+00  1.199E+00  1.199E+00  1.199E+00  1.199E+00  1.097E+00  1.071E+00  1.001E+00  1.007E+00  1.010E+00  1.020E+00  1.039E+00  1.068E+00  1.119E+00  1.157E+00  1.208E+00  1.227E+00  1.167E+00  1.011E+00  7.912E-01  5.039E-01  3.032E-01  1.499E-01  7.454E-02  3.605E-02  1.814E-02  1.005E-02  5.798E-03  3.677E-03  2.341E-03  1.572E-03  1.302E-03 ];
A = [ 0.000E+00  0.000E+00  3.000E-01  3.759E-01  6.188E-01  1.120E+00  1.200E+00  1.200E+00  1.200E+00  1.200E+00  1.200E+00  1.200E+00  1.200E+00  1.200E+00  1.200E+00  1.200E+00  1.200E+00  1.200E+00  1.200E+00  1.200E+00  1.200E+00  1.200E+00  1.200E+00  1.200E+00  1.200E+00  1.200E+00  1.200E+00  1.200E+00  1.200E+00  1.200E+00  1.200E+00  1.200E+00  1.200E+00  6.000E-01  3.760E-01  1.954E-14  0.000E+00  0.000E+00  0.000E+00  0.000E+00  0.000E+00  0.000E+00  0.000E+00  0.000E+00  0.000E+00  0.000E+00  0.000E+00  0.000E+00  0.000E+00  0.000E+00  0.000E+00  0.000E+00  0.000E+00  0.000E+00  0.000E+00  0.000E+00  0.000E+00  0.000E+00  0.000E+00  0.000E+00  6.000E-01  8.303E-01  1.200E+00  1.200E+00  1.200E+00  1.200E+00  1.200E+00  1.200E+00  1.200E+00  1.200E+00  1.200E+00  1.200E+00  1.200E+00  1.200E+00  1.200E+00  1.200E+00  1.200E+00  1.200E+00  1.200E+00  1.200E+00  1.200E+00  1.200E+00  1.200E+00  1.200E+00  1.200E+00  1.200E+00  1.200E+00  1.200E+00  1.200E+00  1.200E+00  1.200E+00  1.200E+00  6.000E-01  4.488E-01  0.000E+00  0.000E+00  0.000E+00  0.000E+00  0.000E+00  0.000E+00  0.000E+00  0.000E+00  0.000E+00  0.000E+00  0.000E+00  0.000E+00  0.000E+00  0.000E+00  0.000E+00  0.000E+00  0.000E+00  0.000E+00  0.000E+00  0.000E+00  0.000E+00  0.000E+00  0.000E+00  0.000E+00  0.000E+00 ];
B = [ 0.000E+00  0.000E+00  3.000E-01  3.759E-01  6.188E-01  1.120E+00  1.200E+00  1.200E+00  1.200E+00  1.200E+00  1.200E+00  1.200E+00  1.200E+00  1.200E+00  1.200E+00  1.200E+00  1.200E+00  1.200E+00  1.200E+00  1.200E+00  1.200E+00  1.200E+00  1.200E+00  1.200E+00  1.200E+00  1.200E+00  1.200E+00  1.200E+00  1.200E+00  1.200E+00  1.200E+00  1.200E+00  1.200E+00  1.200E+00  1.200E+00  1.200E+00  1.200E+00  1.200E+00  1.200E+00  1.200E+00  1.200E+00  1.200E+00  1.200E+00  1.200E+00  1.200E+00  1.200E+00  1.200E+00  1.200E+00  1.200E+00  1.200E+00  1.200E+00  1.200E+00  1.200E+00  1.200E+00  1.200E+00  1.200E+00  1.200E+00  1.200E+00  1.200E+00  1.200E+00  1.200E+00  1.200E+00  1.200E+00  1.099E+00  1.056E+00  9.198E-01  5.641E-01  0.000E+00  0.000E+00  0.000E+00  0.000E+00  0.000E+00  0.000E+00  0.000E+00  0.000E+00  0.000E+00  0.000E+00  0.000E+00  0.000E+00  0.000E+00  0.000E+00  0.000E+00  0.000E+00  0.000E+00  0.000E+00  0.000E+00  0.000E+00  0.000E+00  0.000E+00  0.000E+00  0.000E+00  0.000E+00  0.000E+00  0.000E+00  0.000E+00  0.000E+00  0.000E+00  0.000E+00  0.000E+00  0.000E+00  0.000E+00  0.000E+00  0.000E+00  0.000E+00  0.000E+00  0.000E+00  0.000E+00  0.000E+00  0.000E+00  0.000E+00  0.000E+00  0.000E+00  0.000E+00  0.000E+00  0.000E+00  0.000E+00  0.000E+00  0.000E+00  0.000E+00 ];
